 7309, 1351, 0, 547.95526;
 7310, 2872, 0, 669.31384;
 7311, 649, 0, 576.21179;
 7312, 3487, 0, 683.65051;
 7313, 2649, 0, 665.83179;
 7314, 2049, 0, 588.3222;
 7315, 1821, 0, 650.22534;
 7316, 3323, 0, 731.3125;
 7317, 649, 0, 741.14441;
 7318, 677, 0, 611.48016;
 7319, 806, 0, 691.86774;
 7320, 1099, 0, 754.32819;
 7321, 1285, 0, 705.13403;
 7322, 3186, 0, 688.01746;
 7323, 3319, 0, 717.98816;
 7324, 2062, 0, 657.01215;
 7325, 2685, 0, 657.17273;
 7326, 2072, 0, 429.83719;
 7327, 2078, 0, 625.97681;
 7328, 3117, 0, 660.362;
 7329, 2848, 0, 588.0578;
 7330, 2122, 0, 614.63727;
 7331, 2468, 0, 694.33423;
 7332, 1581, 0, 650.24377;
 7333, 3466, 0, 775.4212;
 7334, 945, 0, 689.20605;
 7335, 2112, 0, 564.67688;
 7336, 2689, 0, 647.99072;
 7337, 3084, 0, 720.57544;
 7338, 1088, 0, 680.89282;
 7339, 2094, 0, 631.04755;
 7340, 3084, 0, 688.23615;
 7341, 2099, 0, 571.55225;
 7342, 2096, 0, 698.66089;
 7343, 2691, 0, 523.01337;
 7344, 2099, 0, 591.18353]
 
Nav: 1100, 850
Full: 4032, 3024

Image:
9.7 cm y
12.9 cm x

817.063304531327,0.0,325.9485286458284,0.0,819.4690054531818,236.2597899599986,0.0,0.0,1.0,0.0,
-0.014680796227423968,1.3720322590501144,-0.0028429009326778093,0.0010064951672061734,-5.347658630748131,0.0,

821.4166083627881,0.0,321.6188115846369,0.0,823.587627084078,240.58628062673532,0.0,0.0,1.0,0.0,
-0.007633760398091329,1.2883912126802226,-3.2597720069333714E-4,-5.33181191143652E-4,-4.673006162295804,0.0,

800.5439670862767,0.0,322.88917017114034,0.0,801.5179088672104,242.3806439134853,0.0,0.0,1.0,0.0,
-0.03742637254948327,1.5397350280465525,9.197318203823748E-4,7.148029515478837E-5,-5.274137940327789,0.0,

818.5753612462445,0.0,324.4549585429145,0.0,822.8705146013875,244.03141013554225,0.0,0.0,1.0,0.0,
-0.015842127817892713,1.4377173459574046,-5.741982345019356E-4,6.565443112028677E-5,-5.368521207829998,0.0,


827.9894174792083,0.0,324.86269120449305,0.0,828.5308834809027,230.64029258748505,0.0,0.0,1.0,0.0,
0.010957865919419435,1.0799121054468424,-0.002510114856043858,7.658994192741941E-4,-3.861730444571432,0.0,